{
 "cells": [
  {
   "cell_type": "code",
   "execution_count": 1,
   "metadata": {},
   "outputs": [],
   "source": [
    "import json\n",
    "import shutil\n",
    "from pathlib import Path"
   ]
  },
  {
   "cell_type": "code",
   "execution_count": 2,
   "metadata": {},
   "outputs": [
    {
     "name": "stdout",
     "output_type": "stream",
     "text": [
      "{'w': 4032, 'h': 3024, 'fl_x': 1635.5743723456644, 'fl_y': 1635.8754009965667, 'cx': 2013.857949208691, 'cy': 1513.2403480694725, 'k1': -0.0020817770982330223, 'k2': -0.00021657112168540506, 'p1': 0.0003486713221509266, 'p2': 0.0002618696207873321, 'camera_model': 'OPENCV', 'frames': [{'file_path': 'images/frame_00209.JPG', 'transform_matrix': [[0.12660436637069625, -0.9861419927095633, 0.10721615844025442, 0.5000673173538542], [0.8538017136513797, 0.1633562924431703, 0.49430492156682876, 1.9567355681821987], [-0.5049692744928564, 0.028960178418522022, 0.8626513431764455, 1.4538226997866655], [0.0, 0.0, 0.0, 1.0]], 'colmap_im_id': 209}, {'file_path': 'images/frame_00208.JPG', 'transform_matrix': [[-0.04800072967594758, -0.9774862328019718, -0.205466772576945, 0.00924633066957722], [-0.18079651900003135, -0.1938035277942705, 0.9642369062279079, -0.6437846952184798], [-0.9823484863672607, 0.08343175233150057, -0.16742339751315302, 0.12879823158120365], [0.0, 0.0, 0.0, 1.0]], 'colmap_im_id': 208}, {'file_path': 'images/frame_00207.JPG', 'transform_matrix': [[-0.038289878662964655, -0.9814997245114175, -0.18759577814009237, -0.02172926055477749], [-0.12110810833664608, -0.18179145860601237, 0.9758507527655126, -0.7377775256749178], [-0.9919005551400274, 0.060084576739041926, -0.11190680207652948, 0.1831949317499082], [0.0, 0.0, 0.0, 1.0]], 'colmap_im_id': 207}, {'file_path': 'images/frame_00206.JPG', 'transform_matrix': [[0.05721932040229937, -0.9794241364305777, -0.19353116118577984, -0.057706408746743876], [-0.31096143045221564, -0.20168997045284678, 0.9287756158458519, -0.8684657319432559], [-0.9486985496688665, 0.007036817174481714, -0.31610369352515016, -0.13088001655122553], [0.0, 0.0, 0.0, 1.0]], 'colmap_im_id': 206}, {'file_path': 'images/frame_00205.JPG', 'transform_matrix': [[-0.10865904294483245, -0.9707523603530128, -0.21408658821927054, -0.2181657363866263], [-0.9407473174271539, 0.03082422773244822, 0.33770453319182947, -1.1942972073378058], [-0.32122841894814713, 0.2380960349391661, -0.9165820099730957, -0.6310836424378121], [0.0, 0.0, 0.0, 1.0]], 'colmap_im_id': 205}, {'file_path': 'images/frame_00204.JPG', 'transform_matrix': [[-0.07644767375123984, -0.9364589627332467, -0.3423453874299982, -0.19427838245336126], [-0.9615962742408353, -0.021529492322111644, 0.27362215978698773, -1.4453348483464754], [-0.2636064463251377, 0.350115826658727, -0.8988495699386566, -0.7459247350319672], [0.0, 0.0, 0.0, 1.0]], 'colmap_im_id': 204}, {'file_path': 'images/frame_00203.JPG', 'transform_matrix': [[-0.007881418972279057, -0.9026309344268644, -0.4303432112287461, -0.24344356998125644], [-0.9478715366159295, 0.14384018470088603, -0.2843405552125316, -1.835002511142336], [0.31855522803485603, 0.40566907385318485, -0.8567118355729418, -0.6806261343023179], [0.0, 0.0, 0.0, 1.0]], 'colmap_im_id': 203}, {'file_path': 'images/frame_00202.JPG', 'transform_matrix': [[-0.04999097904355939, -0.8601855374528183, -0.5075251158034176, -0.2593425593159799], [-0.7798194460733886, 0.3511092048613658, -0.5182701590747946, -2.232641093829834], [0.6240052351864203, 0.36986912201294336, -0.6883417022390221, -0.4963711440869837], [0.0, 0.0, 0.0, 1.0]], 'colmap_im_id': 202}, {'file_path': 'images/frame_00201.JPG', 'transform_matrix': [[-0.05270264139278675, -0.8749083720763564, -0.48141226829083117, -0.2834507711130102], [-0.6981269463354189, 0.3769813090923944, -0.6086902819951766, -2.4711162036632315], [0.7140316508325149, 0.30400729113901936, -0.6306650208658391, -0.3506851365606822], [0.0, 0.0, 0.0, 1.0]], 'colmap_im_id': 201}, {'file_path': 'images/frame_00200.JPG', 'transform_matrix': [[0.02230179345204982, -0.9332386181582483, -0.35856423634671825, -0.2974521728431633], [-0.02800100084827575, 0.35792966751489946, -0.933328611510527, -2.7735739007917024], [0.9993590815919555, 0.030855059402902105, -0.01814914182341461, 0.1655012956250348], [0.0, 0.0, 0.0, 1.0]], 'colmap_im_id': 200}, {'file_path': 'images/frame_00199.JPG', 'transform_matrix': [[0.058284987678444804, -0.956783757681226, -0.2848994581404403, -0.306853515018169], [0.2777861679525972, 0.28965750543564717, -0.9159330622043346, -2.7817113155495212], [0.958873143385263, -0.025755981483744438, 0.2826639777408399, 0.5855570628271863], [0.0, 0.0, 0.0, 1.0]], 'colmap_im_id': 199}, {'file_path': 'images/frame_00198.JPG', 'transform_matrix': [[0.1255138596229944, -0.9430956663790547, -0.30792342408395257, -0.2515091243850296], [0.6084547200642546, 0.3183274160966124, -0.7269460157348575, -2.6319937693887936], [0.7836001050753304, -0.09611566062978809, 0.6137855122985801, 0.9433611196664391], [0.0, 0.0, 0.0, 1.0]], 'colmap_im_id': 198}, {'file_path': 'images/frame_00197.JPG', 'transform_matrix': [[0.13549946303809773, -0.9473087795381809, -0.29025156627702997, -0.20705584219055237], [0.9495863667843193, 0.20776062340841284, -0.23477916299855886, -2.21312495952943], [0.2827112087161444, -0.24380647975562417, 0.9277029550968493, 1.2742943514960787], [0.0, 0.0, 0.0, 1.0]], 'colmap_im_id': 197}, {'file_path': 'images/frame_00196.JPG', 'transform_matrix': [[0.14385102668046118, -0.9814318323245537, -0.12687963044967737, -0.15714502733807748], [0.9479861331051028, 0.09987557516063916, 0.3022369284630282, -1.6423230407963365], [-0.28395276643028394, -0.16375722269994986, 0.9447509716587689, 1.2451889431251422], [0.0, 0.0, 0.0, 1.0]], 'colmap_im_id': 196}, {'file_path': 'images/frame_00195.JPG', 'transform_matrix': [[0.16580679041678273, -0.9764016758992528, -0.1383758488783913, -0.11661289489030505], [0.8924245755829037, 0.08885480877524939, 0.4423609384351064, -1.2528215382170735], [-0.41962660204920194, -0.1968364556139034, 0.8860975818689476, 1.185373170473664], [0.0, 0.0, 0.0, 1.0]], 'colmap_im_id': 195}, {'file_path': 'images/frame_00194.JPG', 'transform_matrix': [[0.12026946654534908, -0.9893488994933538, -0.08200006395233603, -0.05650361948501717], [0.750706594826777, 0.03658775009557976, 0.6596218197016596, -0.914768030028397], [-0.6495959235559305, -0.14089035316242712, 0.7471111326203648, 1.0349146328308378], [0.0, 0.0, 0.0, 1.0]], 'colmap_im_id': 194}, {'file_path': 'images/frame_00193.JPG', 'transform_matrix': [[0.07735413387452279, -0.9734491913382202, 0.2154367885378159, 0.0573743480424404], [0.5595870387675184, 0.2212293144221132, 0.798698902267758, -0.3900259699756071], [-0.8251537335647958, 0.058772972728005884, 0.5618425523763672, 0.8987444111838812], [0.0, 0.0, 0.0, 1.0]], 'colmap_im_id': 193}, {'file_path': 'images/frame_00192.JPG', 'transform_matrix': [[0.18224197646507198, -0.6138643091802021, 0.7680875418393512, 0.28236282921665923], [0.031812409500125455, 0.7844414299436351, 0.6193864816007701, 2.115723329055559], [-0.982738944285765, -0.08844350118973336, 0.16248665939516774, -0.0050565413111160655], [0.0, 0.0, 0.0, 1.0]], 'colmap_im_id': 192}, {'file_path': 'images/frame_00191.JPG', 'transform_matrix': [[0.12990521091900895, -0.5755155518073427, 0.8074072614263373, 0.2718084565483691], [-0.1924869108364944, 0.7841777036579911, 0.5899272143597915, 2.1734047558668625], [-0.9726630584805364, -0.2320499487471815, -0.008910440714080446, -0.570778740162507], [0.0, 0.0, 0.0, 1.0]], 'colmap_im_id': 191}, {'file_path': 'images/frame_00190.JPG', 'transform_matrix': [[0.0010170786685523557, -0.6046066275532365, 0.7965235661734587, 0.18864965246588344], [-0.4838792028075021, 0.6967681882445278, 0.5295044937871772, 2.0957086140064707], [-0.8751342083596999, -0.38595973594293514, -0.29184790489140294, -1.2043352492513748], [0.0, 0.0, 0.0, 1.0]], 'colmap_im_id': 190}, {'file_path': 'images/frame_00189.JPG', 'transform_matrix': [[0.0732103984993373, -0.6174178412411181, 0.7832211991951737, 0.030356562848851746], [-0.8637908841903746, 0.353287330550358, 0.359239990065434, 1.6431849654540458], [-0.498503305847794, -0.7028394349990328, -0.5074555967462188, -1.5742172357204594], [0.0, 0.0, 0.0, 1.0]], 'colmap_im_id': 189}, {'file_path': 'images/frame_00188.JPG', 'transform_matrix': [[0.08107339691442349, -0.7131387374790326, 0.6963190686887496, -0.041516437763400624], [-0.985573415217126, -0.16149398837964207, -0.05064321212646885, 1.0935369364541216], [0.14856697994509696, -0.6821677453706291, -0.7159434472400357, -1.639856185431006], [0.0, 0.0, 0.0, 1.0]], 'colmap_im_id': 188}, {'file_path': 'images/frame_00187.JPG', 'transform_matrix': [[0.025052416365889934, -0.7644336071139682, 0.6442155204191818, -0.11242861193642674], [-0.7891405839093885, -0.4107265640791378, -0.4566846049374723, 0.38965957934944423], [0.6137014870939937, -0.49693555907629827, -0.6135352759737186, -1.477832787394616], [0.0, 0.0, 0.0, 1.0]], 'colmap_im_id': 187}, {'file_path': 'images/frame_00186.JPG', 'transform_matrix': [[-0.07548669579451067, -0.7546719751626236, 0.6517453250021602, -0.1628119200330739], [-0.5017186917734476, -0.5361021563916555, -0.6788761538287796, -0.17022831781881423], [0.8617308820526087, -0.37823892953576493, -0.3381644557023572, -1.3976565659481803], [0.0, 0.0, 0.0, 1.0]], 'colmap_im_id': 186}, {'file_path': 'images/frame_00185.JPG', 'transform_matrix': [[-0.011522797560713855, -0.8627153996485444, 0.5055584677815487, -0.21746605766378757], [-0.47285461792647493, -0.4407878566319907, -0.7629643345212033, -0.6880902657873609], [0.8810651141896279, -0.24784713969507094, -0.4028598514409072, -1.1935273412508678], [0.0, 0.0, 0.0, 1.0]], 'colmap_im_id': 185}, {'file_path': 'images/frame_00184.JPG', 'transform_matrix': [[0.06892858487194169, -0.891003770940761, 0.4487328050821506, -0.16155166859143494], [0.028266001957832212, -0.44787777282896357, -0.893647880173778, -1.0467276117870168], [0.9972210804635406, 0.07428176610118466, -0.005686466742849973, -0.7990897655951085], [0.0, 0.0, 0.0, 1.0]], 'colmap_im_id': 184}, {'file_path': 'images/frame_00183.JPG', 'transform_matrix': [[0.02875430541015919, -0.8455221767026174, 0.5331654889660874, -0.12221944681830631], [0.3750202452566703, -0.4852990533716437, -0.7898383660244751, -1.0197515609790573], [0.9265705615699249, 0.22265910603578343, 0.30313349688106, -0.28848419521061164], [0.0, 0.0, 0.0, 1.0]], 'colmap_im_id': 183}, {'file_path': 'images/frame_00182.JPG', 'transform_matrix': [[0.10796413006583794, -0.866024231439011, 0.4882066951400778, -0.07219835171395843], [0.7246002650074143, -0.2676730936871087, -0.6350634384588343, -0.8812209264117801], [0.6806601226532314, 0.4223187723467221, 0.5986222949015891, 0.25255520432349327], [0.0, 0.0, 0.0, 1.0]], 'colmap_im_id': 182}, {'file_path': 'images/frame_00181.JPG', 'transform_matrix': [[0.13004719229336623, -0.8108656314201509, 0.570600258988911, -0.05396027660902782], [0.8484071367304974, -0.20681949592149543, -0.4872689467342832, -0.7071623532140475], [0.5131209001018878, 0.5474692903610014, 0.6610478938702172, 0.8143236870224024], [0.0, 0.0, 0.0, 1.0]], 'colmap_im_id': 181}, {'file_path': 'images/frame_00180.JPG', 'transform_matrix': [[0.12761580544781642, -0.8465899605381622, 0.5167200837164142, -0.0069949122632420304], [0.9899627521301932, 0.07682535847720336, -0.11862383272202352, -0.32066440319592676], [0.06072854019913938, 0.5266719121149734, 0.8478966572610361, 1.154926569150578], [0.0, 0.0, 0.0, 1.0]], 'colmap_im_id': 180}, {'file_path': 'images/frame_00179.JPG', 'transform_matrix': [[0.11984724674614945, -0.8416878925702986, 0.5264960863557646, 0.03259215797358737], [0.9912427996180645, 0.1310656795955831, -0.016108998649495727, 0.27519108611497045], [-0.05544681823792129, 0.523816073763222, 0.8500249238784553, 1.2778137589366187], [0.0, 0.0, 0.0, 1.0]], 'colmap_im_id': 179}, {'file_path': 'images/frame_00178.JPG', 'transform_matrix': [[0.11796354601944431, -0.8149336670821188, 0.5674219946976048, 0.10215667098733446], [0.9100898450397504, 0.3173228929047867, 0.2665382816671191, 0.9123724706661265], [-0.3972670081520006, 0.4849631943711064, 0.779095388472638, 1.2227035048408577], [0.0, 0.0, 0.0, 1.0]], 'colmap_im_id': 178}, {'file_path': 'images/frame_00177.JPG', 'transform_matrix': [[0.06941824470952655, -0.7681387961752548, 0.6365091492758597, 0.1451750454005911], [0.8103917496800033, 0.4155111487260622, 0.4130565304349163, 1.4491759305459972], [-0.5817613938308651, 0.4871481038603953, 0.6513373976313585, 1.3250353682152645], [0.0, 0.0, 0.0, 1.0]], 'colmap_im_id': 177}, {'file_path': 'images/frame_00176.JPG', 'transform_matrix': [[0.1162383899260743, -0.98619315227957, -0.11794788300041104, 0.6422341829393793], [0.6074306799364867, 0.16454115327508353, -0.7771448886474148, 4.3874020185329385], [0.7858222482083921, 0.018688907827644985, 0.6181699757711615, -1.2700615531651074], [0.0, 0.0, 0.0, 1.0]], 'colmap_im_id': 176}, {'file_path': 'images/frame_00175.JPG', 'transform_matrix': [[0.1089761489960422, -0.990182237012017, -0.08754048466778003, 0.5853797960933622], [0.7093515387593061, 0.139157479482975, -0.6909816136220629, 3.8809221603857584], [0.6963796331095539, 0.013203537776778379, 0.7175521396946567, -1.2265856750426567], [0.0, 0.0, 0.0, 1.0]], 'colmap_im_id': 175}, {'file_path': 'images/frame_00174.JPG', 'transform_matrix': [[0.11076418438468325, -0.9886949102405337, -0.10106270292278607, 0.5289386980215165], [0.7268910561331694, 0.1499392549926653, -0.6701847598430228, 3.4086023543486323], [0.6777615273613585, 0.0007708934478405577, 0.7352813867847401, -1.1880849585805366], [0.0, 0.0, 0.0, 1.0]], 'colmap_im_id': 174}, {'file_path': 'images/frame_00173.JPG', 'transform_matrix': [[0.09039236612261674, -0.990091906984374, -0.10745806563864986, 0.42637433951843967], [0.7817887505909112, 0.1373870856722953, -0.608219646295625, 2.7981245244222883], [0.6169566999362731, -0.02903109392563361, 0.786461458680096, -1.0943822862476749], [0.0, 0.0, 0.0, 1.0]], 'colmap_im_id': 173}, {'file_path': 'images/frame_00172.JPG', 'transform_matrix': [[0.10429301508212169, -0.9819546045691938, -0.15775969564638034, 0.35069434156635404], [0.7123417170949253, 0.18444951701312418, -0.677161468011787, 2.3664749608231648], [0.6940405212171213, -0.041755601288730494, 0.7187240253878282, -1.044407264862535], [0.0, 0.0, 0.0, 1.0]], 'colmap_im_id': 172}, {'file_path': 'images/frame_00171.JPG', 'transform_matrix': [[0.08184944448863885, -0.9744372994320613, -0.20921906679949775, 0.3351053123473058], [0.5974039119975707, 0.21599934321997744, -0.7723035994079901, 1.9421884822495412], [0.7977526147665703, -0.06177566838238073, 0.5998120809295275, -1.0044388359103604], [0.0, 0.0, 0.0, 1.0]], 'colmap_im_id': 171}, {'file_path': 'images/frame_00170.JPG', 'transform_matrix': [[0.08719982761342683, -0.9566922658104208, -0.2777338629024409, 0.2850327881774436], [0.6145485584849196, 0.2710848008471716, -0.7408394563019417, 1.463029106255767], [0.7840448069646886, -0.1060798722103892, 0.6115724007699591, -0.8998405946581224], [0.0, 0.0, 0.0, 1.0]], 'colmap_im_id': 170}, {'file_path': 'images/frame_00169.JPG', 'transform_matrix': [[0.11854207430832997, -0.9518121752993026, -0.2828451158685405, 0.22628614303378497], [0.5445823437180455, 0.3005108081119621, -0.7830219186705155, 1.1381504029103182], [0.8302878100569938, -0.06121141364080052, 0.55396327974953, -0.8396710814899464], [0.0, 0.0, 0.0, 1.0]], 'colmap_im_id': 169}, {'file_path': 'images/frame_00168.JPG', 'transform_matrix': [[0.12169250871389709, -0.9712096364893376, -0.20479935379089134, 0.2275326762918033], [0.7150357017179858, 0.22888579208075902, -0.6605567647464002, 1.0372202353848352], [0.6884147576799801, -0.06605403979933505, 0.7223032501896983, -0.8410206745013453], [0.0, 0.0, 0.0, 1.0]], 'colmap_im_id': 168}, {'file_path': 'images/frame_00167.JPG', 'transform_matrix': [[0.13114984149649647, -0.9497987241527015, -0.28404595169328595, 0.1666491244355947], [0.6074442473545963, 0.30342480032927144, -0.7341286514644074, 0.6401769175967733], [0.7834610427017105, -0.07626122306285435, 0.6167438856005838, -0.7541776390754831], [0.0, 0.0, 0.0, 1.0]], 'colmap_im_id': 167}, {'file_path': 'images/frame_00166.JPG', 'transform_matrix': [[0.11030343362411392, -0.9582934259525443, -0.26364154131484296, 0.1273403935418459], [0.625623322276717, 0.27305974704073627, -0.7307761854148584, 0.31375564367397957], [0.7722879069065977, -0.08433317450555532, 0.6296501445434932, -0.7032494920556166], [0.0, 0.0, 0.0, 1.0]], 'colmap_im_id': 166}, {'file_path': 'images/frame_00165.JPG', 'transform_matrix': [[0.09406316397409986, -0.9613280431344082, -0.25884457627416324, 0.09450088731312675], [0.5736915230580374, 0.2648290505716287, -0.7750765190254952, 0.0124811853088855], [0.8136523566945104, -0.0755907894964673, 0.5764164076332056, -0.6427256527835229], [0.0, 0.0, 0.0, 1.0]], 'colmap_im_id': 165}, {'file_path': 'images/frame_00164.JPG', 'transform_matrix': [[0.10651928406814865, -0.9551947363149706, -0.27614608061274865, 0.04904956473222979], [0.5458761671545111, 0.28830830247536243, -0.7867004085777984, -0.3013257635340486], [0.831067297067036, -0.06694279976180077, 0.5521284355163589, -0.6202191029641676], [0.0, 0.0, 0.0, 1.0]], 'colmap_im_id': 164}, {'file_path': 'images/frame_00163.JPG', 'transform_matrix': [[0.02898685969154339, -0.96978586646158, -0.24222950930178852, -0.001771946344201736], [0.44269883739599153, 0.22972425076020447, -0.8667436229825404, -0.5675639590371977], [0.8962017079505376, -0.08211054636296837, 0.43598206023013664, -0.6939383855650115], [0.0, 0.0, 0.0, 1.0]], 'colmap_im_id': 163}, {'file_path': 'images/frame_00162.JPG', 'transform_matrix': [[0.11419941795575372, -0.984354159333589, -0.13418413446167984, -0.07196846676426912], [0.6916692851706832, 0.17573475360124718, -0.7005075990509918, -0.917295105336674], [0.71312838457745, -0.01281348427915113, 0.7009163443169125, -0.7473845359859821], [0.0, 0.0, 0.0, 1.0]], 'colmap_im_id': 162}, {'file_path': 'images/frame_00161.JPG', 'transform_matrix': [[0.11287818758515357, -0.9887707551934782, -0.09793318355700334, -0.07960792280390373], [0.839300879766039, 0.14763888502339229, -0.5232368420256764, -1.0197276635884303], [0.5318200334619257, -0.023133380712044224, 0.8465413744793503, -0.6947583946728605], [0.0, 0.0, 0.0, 1.0]], 'colmap_im_id': 161}, {'file_path': 'images/frame_00160.JPG', 'transform_matrix': [[0.10395729056673435, -0.9773684733035555, 0.18423829441867098, -0.13470488854954965], [0.9730088057644629, 0.1383148277469846, 0.18472377305083298, -1.2104450779061882], [-0.20602608000648182, 0.1600620998787636, 0.9653669657387101, -0.6516006178487354], [0.0, 0.0, 0.0, 1.0]], 'colmap_im_id': 160}, {'file_path': 'images/frame_00159.JPG', 'transform_matrix': [[0.10368838097985422, -0.991784365125836, 0.07491657187644668, -0.014893682571729416], [0.9840224714354298, 0.11325419053364981, 0.13737999867766978, -0.7738501271311345], [-0.14473595047494392, 0.059474880567428966, 0.987681245757762, -0.39000867263746486], [0.0, 0.0, 0.0, 1.0]], 'colmap_im_id': 159}, {'file_path': 'images/frame_00158.JPG', 'transform_matrix': [[0.10887660302244262, -0.9917499909578817, 0.06765974245690783, 0.035438798322555476], [0.9940121750645803, 0.10798560183582438, -0.016700467644263712, -0.5016016632387008], [0.009256410625924855, 0.06907289794989392, 0.9975686711355404, -0.22932990100519896], [0.0, 0.0, 0.0, 1.0]], 'colmap_im_id': 158}, {'file_path': 'images/frame_00157.JPG', 'transform_matrix': [[0.1433059320032844, -0.9887994697215973, 0.041701541110106266, 0.05721485912158627], [0.9778159740790692, 0.1349580792442227, -0.160194374690596, -0.3636169991051025], [0.15277215285670026, 0.06373323720789614, 0.9862042099821574, -0.11086855773025371], [0.0, 0.0, 0.0, 1.0]], 'colmap_im_id': 157}, {'file_path': 'images/frame_00156.JPG', 'transform_matrix': [[0.050554326741510995, -0.9898035612845122, -0.1331659495374455, 0.10190413167572318], [0.9417865869135851, 0.09162294891528851, -0.3234861047119749, -0.1506057506211618], [0.33238875546169266, -0.10906028287402966, 0.9368156541935364, 0.11594332024759933], [0.0, 0.0, 0.0, 1.0]], 'colmap_im_id': 156}, {'file_path': 'images/frame_00155.JPG', 'transform_matrix': [[0.10205802169757548, -0.9813298072596716, -0.16302137771124686, 0.14026329633383214], [0.9238997983590863, 0.15425548545976195, -0.3501634015679147, 0.09565991541302903], [0.36877272512920034, -0.11487843396072633, 0.9223934207329942, 0.2920565472339012], [0.0, 0.0, 0.0, 1.0]], 'colmap_im_id': 155}, {'file_path': 'images/frame_00154.JPG', 'transform_matrix': [[0.08823424870698926, -0.9929066942552517, -0.07969324851090931, 0.17158744217694233], [0.9878953294552847, 0.07697967502585332, 0.13467348541323337, 0.46612649853149], [-0.127583444833362, -0.09061140179923495, 0.9876801296312638, 0.357050246652655], [0.0, 0.0, 0.0, 1.0]], 'colmap_im_id': 154}, {'file_path': 'images/frame_00153.JPG', 'transform_matrix': [[0.10747183604636297, -0.9940061121445407, -0.02004129427252766, 0.20660961163172312], [0.854555768656557, 0.0820545922419744, 0.5128367012488518, 0.8452680296262401], [-0.5081183353438692, -0.07224190550710635, 0.8582522148972745, 0.2088539109670581], [0.0, 0.0, 0.0, 1.0]], 'colmap_im_id': 153}, {'file_path': 'images/frame_00152.JPG', 'transform_matrix': [[0.1335693340372972, -0.9895052947120118, -0.05512263366102192, 0.25238384561989213], [0.755037558500207, 0.065576389426741, 0.6523940698717294, 1.1867130087897366], [-0.6419326430856118, -0.1287595001801681, 0.7558726565066858, 0.05503313834541144], [0.0, 0.0, 0.0, 1.0]], 'colmap_im_id': 152}, {'file_path': 'images/frame_00151.JPG', 'transform_matrix': [[0.1238280237281506, -0.9923036253223166, 0.0003683907820052768, 0.27766927644414335], [0.7103515053647464, 0.08890286691442065, 0.6982098675043452, 1.395011634216604], [-0.6928689337570412, -0.08619626109399703, 0.7158930403403823, -0.032494609064111286], [0.0, 0.0, 0.0, 1.0]], 'colmap_im_id': 151}, {'file_path': 'images/frame_00150.JPG', 'transform_matrix': [[0.060504467537285715, -0.9921608302208867, 0.1093439361987229, 0.28848586228239675], [0.6596266354198884, 0.12195942363403223, 0.7416323892815714, 1.6570131371736634], [-0.7491541305049764, 0.027254099916444046, 0.661834800222138, -0.14056880253369586], [0.0, 0.0, 0.0, 1.0]], 'colmap_im_id': 150}, {'file_path': 'images/frame_00149.JPG', 'transform_matrix': [[0.15316080694597933, -0.9726260289084415, -0.17475804732673061, 0.3026263963311549], [0.9456363116318193, 0.09291051331102536, 0.31167226799901626, 1.4205244233727568], [-0.28690370046241165, -0.21299353137144134, 0.9339807397665637, -0.13278969119456083], [0.0, 0.0, 0.0, 1.0]], 'colmap_im_id': 149}, {'file_path': 'images/frame_00148.JPG', 'transform_matrix': [[0.13516888353683087, -0.9727486552336938, -0.18838637600539748, 0.25970712362260345], [0.9058385568366847, 0.04428023725682466, 0.4213024679924291, 1.0552182330653685], [-0.4014796157607992, -0.22759462719827037, 0.8871385482544659, 0.04900500130871277], [0.0, 0.0, 0.0, 1.0]], 'colmap_im_id': 148}, {'file_path': 'images/frame_00147.JPG', 'transform_matrix': [[0.17069523370845513, -0.9560242200556642, -0.23849701854776845, 0.222767235646997], [0.9643401624401935, 0.11240498737423568, 0.23961045452613114, 0.7631108441366349], [-0.20226514354687294, -0.27089261614218396, 0.9411195472550796, 0.1567032887671631], [0.0, 0.0, 0.0, 1.0]], 'colmap_im_id': 147}, {'file_path': 'images/frame_00146.JPG', 'transform_matrix': [[0.10262705448994108, -0.9690011469709962, -0.22473198449622744, 0.20120590735011407], [0.9789218620577382, 0.13849088341085578, -0.1501075054668863, 0.4442299520692331], [0.17657767602992522, -0.20458996158407844, 0.9627893185670975, 0.3069468847088363], [0.0, 0.0, 0.0, 1.0]], 'colmap_im_id': 146}, {'file_path': 'images/frame_00145.JPG', 'transform_matrix': [[0.134896949847626, -0.9816014070742511, -0.1351350826086897, 0.13874823574390688], [0.9389303720020712, 0.1702046041467812, -0.29906545982324634, -0.007656004602602854], [0.31656368941156104, -0.086539415049374, 0.9446154562514066, 0.4887205236059253], [0.0, 0.0, 0.0, 1.0]], 'colmap_im_id': 145}, {'file_path': 'images/frame_00144.JPG', 'transform_matrix': [[0.11214397536615435, -0.9744357280948889, -0.19467598876404657, 0.07819203500544387], [0.8156044372946422, 0.20217502115107816, -0.5421389699033371, -0.48790202732003635], [0.5676382040123495, -0.09798098098480613, 0.8174268142842449, 0.5801218914342832], [0.0, 0.0, 0.0, 1.0]], 'colmap_im_id': 144}, {'file_path': 'images/frame_00143.JPG', 'transform_matrix': [[0.08688399833197151, -0.9868239364739428, -0.13649061958948522, 0.018737297162734305], [0.8642931216327556, 0.14280303339967904, -0.4822910879854163, -0.8908019506352496], [0.4954276644800494, -0.07606452559453553, 0.8653124390726864, 0.7105421241258456], [0.0, 0.0, 0.0, 1.0]], 'colmap_im_id': 143}, {'file_path': 'images/frame_00142.JPG', 'transform_matrix': [[0.13094515190569733, -0.9821867214227394, -0.13476873321822036, -0.05541536275097593], [0.8641615517070103, 0.17970465093457264, -0.4700330318007615, -1.4737228557792865], [0.485878770624655, -0.05491341086959923, 0.8722994540654835, 0.8779084708997331], [0.0, 0.0, 0.0, 1.0]], 'colmap_im_id': 142}, {'file_path': 'images/frame_00141.JPG', 'transform_matrix': [[0.15248107306769992, -0.9623383329238079, -0.22506544679614576, -0.08518787388943891], [0.7137081345528603, 0.2647487349384486, -0.6484819242057309, -1.9621304825338748], [0.6836448061890026, -0.06174982051728652, 0.7271978675964911, 0.9935643969791947], [0.0, 0.0, 0.0, 1.0]], 'colmap_im_id': 141}, {'file_path': 'images/frame_00140.JPG', 'transform_matrix': [[0.11029902112794045, -0.9674623325171496, -0.22770762196003552, -0.13708731068034338], [0.6385080344501138, 0.24454856227167793, -0.7297283677050712, -2.3571141104788564], [0.7616702802925099, -0.06490482147985274, 0.6447059393768588, 0.9461005794583849], [0.0, 0.0, 0.0, 1.0]], 'colmap_im_id': 140}, {'file_path': 'images/frame_00139.JPG', 'transform_matrix': [[0.05692456158827987, -0.9722585875537343, -0.2268762508858068, -0.22518305881691159], [0.1878713257396052, 0.23361667377427553, -0.9540060873492824, -2.7258416059550186], [0.980542686094198, 0.011682836242160334, 0.19595803653974894, 0.6578889660193457], [0.0, 0.0, 0.0, 1.0]], 'colmap_im_id': 139}, {'file_path': 'images/frame_00138.JPG', 'transform_matrix': [[0.04957014418785326, -0.9808390225923398, -0.188408101113777, -0.29420902097202095], [0.2592285529529709, 0.1948101963376775, -0.9459648750015957, -3.120860962775199], [0.9645430825728337, -0.001949144165867765, 0.2639182500281413, 0.36793099123579204], [0.0, 0.0, 0.0, 1.0]], 'colmap_im_id': 138}, {'file_path': 'images/frame_00137.JPG', 'transform_matrix': [[0.02431193952061087, -0.9712252881579009, -0.23691848648712105, -0.3517414813852624], [0.27850867064933293, 0.23418625863379056, -0.9314449616806396, -3.519681298179501], [0.9601259552631036, -0.043338619148622595, 0.2761881860623352, 0.5249886241018427], [0.0, 0.0, 0.0, 1.0]], 'colmap_im_id': 137}, {'file_path': 'images/frame_00136.JPG', 'transform_matrix': [[0.0400206855111356, -0.9707270538959879, -0.2368276410506906, -0.3997326554374454], [0.20510122026836164, 0.23995133823988113, -0.9488713530934102, -3.960675115726143], [0.9779222025169731, -0.010599156160097094, 0.2087003203472532, 0.6047777954605783], [0.0, 0.0, 0.0, 1.0]], 'colmap_im_id': 136}, {'file_path': 'images/frame_00135.JPG', 'transform_matrix': [[0.02966202041987198, -0.9696334207604802, -0.2427574795736278, -0.4722906846366104], [0.2157044910723564, 0.24335130490881704, -0.9456488327758839, -4.399613809591198], [0.9760080619932537, -0.024314023597610958, 0.2163725749272952, 0.7289504485707042], [0.0, 0.0, 0.0, 1.0]], 'colmap_im_id': 135}, {'file_path': 'images/frame_00134.JPG', 'transform_matrix': [[0.09246635752259108, -0.9666376992531073, -0.2388755556961908, -0.5559727060009928], [0.5736326436718395, 0.2478061668259518, -0.780728950274732, -4.798009141594907], [0.8138768720393526, -0.06483565427824502, 0.5774086725134556, 0.8932497673863087], [0.0, 0.0, 0.0, 1.0]], 'colmap_im_id': 134}, {'file_path': 'images/frame_00133.JPG', 'transform_matrix': [[0.10305688612338018, -0.9746320780389531, -0.19867458488700787, -0.5884596247525837], [0.7676231714313575, 0.2049526483128651, -0.6072471314310246, -5.012279392944976], [0.6325614159148641, -0.08992621646113698, 0.7692719484608594, 0.9348395224775841], [0.0, 0.0, 0.0, 1.0]], 'colmap_im_id': 133}, {'file_path': 'images/frame_00132.JPG', 'transform_matrix': [[-0.032419941449662336, -0.9695027155917988, -0.24292680349547338, -0.5828999261796672], [-0.39585325968126533, 0.23563378202203292, -0.887567979125942, -5.0208735887789935], [0.9177413274970874, 0.06738846511177528, -0.3914200436535691, 1.1220145687491738], [0.0, 0.0, 0.0, 1.0]], 'colmap_im_id': 132}, {'file_path': 'images/frame_00131.JPG', 'transform_matrix': [[-0.08988214464756249, -0.9750931925037131, -0.20276702396216015, -0.28501765895529096], [-0.9750829780107457, 0.1276150544933046, -0.18145959291359048, -2.0425227394137857], [0.20281613857691339, 0.1814046961894523, -0.9622670887716998, -0.81802759508577], [0.0, 0.0, 0.0, 1.0]], 'colmap_im_id': 131}, {'file_path': 'images/frame_00130.JPG', 'transform_matrix': [[-0.13709462833437708, -0.9743304129763806, -0.17856458000156303, -0.26576777228509], [-0.9814227150364484, 0.15803078628362024, -0.10879211826720966, -1.8274280924932242], [0.13421817049991705, 0.16033251989492445, -0.9778951711568057, -0.8694007526393337], [0.0, 0.0, 0.0, 1.0]], 'colmap_im_id': 130}, {'file_path': 'images/frame_00129.JPG', 'transform_matrix': [[-0.10458196395499006, -0.9824492270716907, -0.15445429434481417, -0.20417632852535442], [-0.9520481221614709, 0.0540017279312099, 0.30114479319632925, -1.2974199859194306], [-0.28751867053138225, 0.17854223479804693, -0.9409865485166008, -1.016267195729352], [0.0, 0.0, 0.0, 1.0]], 'colmap_im_id': 129}, {'file_path': 'images/frame_00059.JPG', 'transform_matrix': [[0.08488657287803317, -0.9510570301392186, 0.29712757389342276, -0.11483144067856675], [0.9657809714201044, 0.1518821394662374, 0.21023541793427206, -0.9477062642672861], [-0.24507424382799187, 0.26911399282446735, 0.9314055367444466, -0.708627142055473], [0.0, 0.0, 0.0, 1.0]], 'colmap_im_id': 59}, {'file_path': 'images/frame_00058.JPG', 'transform_matrix': [[0.07044644672487595, -0.9614636587451405, 0.2657535156046805, -0.1917051764045174], [0.9675569233254508, 0.13066335854558997, 0.216242194907873, -1.6644670338442245], [-0.24263325878540876, 0.24189815965813916, 0.9394755888713546, -0.5936820713977599], [0.0, 0.0, 0.0, 1.0]], 'colmap_im_id': 58}, {'file_path': 'images/frame_00057.JPG', 'transform_matrix': [[0.11121208791302295, -0.959746388688432, 0.25791227365431696, -0.2426811896700985], [0.9681813532428112, 0.1631762198932292, 0.18973241287211656, -2.2064751958829074], [-0.22418014795013594, 0.22860531634428302, 0.9473557254823477, -0.4621803449693872], [0.0, 0.0, 0.0, 1.0]], 'colmap_im_id': 57}, {'file_path': 'images/frame_00056.JPG', 'transform_matrix': [[0.08442945780065843, -0.968290447722519, 0.23512821078043916, -0.3268646611254492], [0.9690501639984018, 0.1347267932872698, 0.20685857687125248, -2.8056538851927555], [-0.23197725386373, 0.2103860737307797, 0.9496969272720585, -0.2626812068871284], [0.0, 0.0, 0.0, 1.0]], 'colmap_im_id': 56}, {'file_path': 'images/frame_00055.JPG', 'transform_matrix': [[0.09169564017997767, -0.9665781366564307, 0.23941306420027755, -0.4257591422563176], [0.982062874446761, 0.1275583902145534, 0.1388573646560999, -3.5377069136266424], [-0.16475563785603653, 0.2223860670627858, 0.9609370515132595, -0.09007087773235141], [0.0, 0.0, 0.0, 1.0]], 'colmap_im_id': 55}, {'file_path': 'images/frame_00054.JPG', 'transform_matrix': [[0.10726474427066546, -0.9640290796728912, 0.24319171075837942, -0.48684136217718804], [0.9590295228862274, 0.16483475719907537, 0.23041674646547888, -4.101446936231417], [-0.2622148906320228, 0.20851243695319566, 0.9422133064050179, 0.06943846736199123], [0.0, 0.0, 0.0, 1.0]], 'colmap_im_id': 54}, {'file_path': 'images/frame_00053.JPG', 'transform_matrix': [[0.11828252751781937, -0.9596669608046617, 0.25504620762508906, -0.5677254750368158], [0.9779248104877303, 0.15713788855519145, 0.13773434216981992, -4.6834949099248115], [-0.17225652009875594, 0.23312444813952904, 0.9570687974033564, 0.2646614724408266], [0.0, 0.0, 0.0, 1.0]], 'colmap_im_id': 53}, {'file_path': 'images/frame_00052.JPG', 'transform_matrix': [[0.10465907185693316, -0.9450612731241748, 0.3096864038329084, -0.625131400314669], [0.9639901218879994, 0.17295350844567134, 0.20201516977369147, -5.123587959751071], [-0.24447806359754568, 0.27739191400840624, 0.9291308855389252, 0.3627490585905241], [0.0, 0.0, 0.0, 1.0]], 'colmap_im_id': 52}, {'file_path': 'images/frame_00051.JPG', 'transform_matrix': [[0.13309804236578113, -0.9407143848449955, 0.3119957648175669, -0.7079270293392681], [0.9692775575371033, 0.1892487019176941, 0.15711761606317562, -5.740309120913212], [-0.20684759503872516, 0.2814984457651046, 0.937001973028086, 0.4948374959216477], [0.0, 0.0, 0.0, 1.0]], 'colmap_im_id': 51}, {'file_path': 'images/frame_00050.JPG', 'transform_matrix': [[0.13534693883209314, -0.9725981671128235, 0.18903441876430338, -0.7864295933344385], [0.9801722412807472, 0.10356847549212266, -0.16892586630505807, -6.3827215803318715], [0.14471898137928696, 0.20814988881335966, 0.9673314014418881, 0.6021840990224907], [0.0, 0.0, 0.0, 1.0]], 'colmap_im_id': 50}, {'file_path': 'images/frame_00049.JPG', 'transform_matrix': [[0.01393674930822808, -0.9997015186935979, 0.020065904924355563, -0.877456009849116], [0.6550680659167448, -0.006032991192485728, -0.7555457842072619, -7.4148012495166515], [0.755441325342223, 0.02367438571505209, 0.6547884600588194, 0.24349437400167726], [0.0, 0.0, 0.0, 1.0]], 'colmap_im_id': 49}, {'file_path': 'images/frame_00048.JPG', 'transform_matrix': [[0.09832497597667884, -0.9681599571047262, 0.23021402337425137, -0.8223046247735947], [0.9879949846912959, 0.12266877333691577, 0.09390570947957663, -6.605569373161297], [-0.11915581951391127, 0.21821702387071273, 0.9685985861898504, 0.621680010110779], [0.0, 0.0, 0.0, 1.0]], 'colmap_im_id': 48}, {'file_path': 'images/frame_00047.JPG', 'transform_matrix': [[0.10073839422368375, -0.945753260258808, 0.30887302672630573, -0.724694200809199], [0.9636751816977176, 0.16993710526215414, 0.2060376772218866, -5.7783320451869145], [-0.24734979302417956, 0.27689736539908616, 0.9285181360242462, 0.5107640658293715], [0.0, 0.0, 0.0, 1.0]], 'colmap_im_id': 47}, {'file_path': 'images/frame_00046.JPG', 'transform_matrix': [[0.06017589283028631, -0.9784990264071168, 0.19727776672094202, -0.6143877867346119], [0.9638661743260409, 0.10834054710410125, 0.24336048126856208, -4.9653674638279], [-0.2595011751652775, 0.1755049320489556, 0.9496616023164943, 0.2846652034724891], [0.0, 0.0, 0.0, 1.0]], 'colmap_im_id': 46}, {'file_path': 'images/frame_00045.JPG', 'transform_matrix': [[0.0759581119779777, -0.9698039103563176, 0.23175577809913722, -0.4828308595108211], [0.9487835967407967, 0.14177977423530186, 0.28232637527050847, -3.8848115350450674], [-0.30665950463068675, 0.19844110228322753, 0.9309033661687336, 0.0656875104435819], [0.0, 0.0, 0.0, 1.0]], 'colmap_im_id': 45}, {'file_path': 'images/frame_00044.JPG', 'transform_matrix': [[0.09072915152943337, -0.9740520915846854, 0.20734209399504172, -0.3319667853407415], [0.9684240236939574, 0.1348420282913934, 0.20969629881967045, -2.7649159042119256], [-0.2322135469673434, 0.1817694976770378, 0.9555295486373421, -0.21593198254834625], [0.0, 0.0, 0.0, 1.0]], 'colmap_im_id': 44}, {'file_path': 'images/frame_00043.JPG', 'transform_matrix': [[0.10499737401553812, -0.9640321848006588, 0.24416694722732105, -0.223925154443886], [0.9773158409444213, 0.14543710030642304, 0.1539538791117581, -1.861481336784548], [-0.18392742723405772, 0.22246347233406122, 0.9574344390025525, -0.4594104451298193], [0.0, 0.0, 0.0, 1.0]], 'colmap_im_id': 43}, {'file_path': 'images/frame_00042.JPG', 'transform_matrix': [[0.06412875470139853, -0.975292296188536, 0.2114058651403531, -0.13390552524728833], [0.9622305653203674, 0.11659418291429724, 0.24600434076209649, -1.1583762855467954], [-0.2645748324835417, 0.18764523310183154, 0.945933097269815, -0.5407893247992401], [0.0, 0.0, 0.0, 1.0]], 'colmap_im_id': 42}, {'file_path': 'images/frame_00041.JPG', 'transform_matrix': [[0.08261669786939656, -0.9743690568328913, 0.20923532760922361, -0.03411330253134435], [0.95175817565437, 0.13939999945806733, 0.2733569374026497, -0.3852547794204946], [-0.2955179458310817, 0.17655758617990086, 0.9388804835835627, -0.7011453671235205], [0.0, 0.0, 0.0, 1.0]], 'colmap_im_id': 41}, {'file_path': 'images/frame_00040.JPG', 'transform_matrix': [[0.0814462510765907, -0.9650402424681777, 0.24912614997733537, 0.054579766005211035], [0.9595714429874347, 0.1434936333478825, 0.24214091556702214, 0.3485379445305706], [-0.26942374429248295, 0.21933286941446853, 0.937712076495677, -0.8344076084899771], [0.0, 0.0, 0.0, 1.0]], 'colmap_im_id': 40}, {'file_path': 'images/frame_00039.JPG', 'transform_matrix': [[0.07744128356469351, -0.9746914442775358, 0.2097127465177648, 0.15873718465953293], [0.9533909333041678, 0.13392512520203978, 0.270388219294084, 1.0833969125439167], [-0.2916308898132371, 0.17899902036544643, 0.9396333193405553, -0.960665865412717], [0.0, 0.0, 0.0, 1.0]], 'colmap_im_id': 39}, {'file_path': 'images/frame_00038.JPG', 'transform_matrix': [[0.10363356259599045, -0.9796716134723938, 0.17176616215092988, 0.22367135150114117], [0.9622834515482627, 0.14243280343502773, 0.23178320772221891, 2.6444190158542487], [-0.2515365650954657, 0.1412672158076153, 0.957482600446577, -1.3596126598418001], [0.0, 0.0, 0.0, 1.0]], 'colmap_im_id': 38}, {'file_path': 'images/frame_00037.JPG', 'transform_matrix': [[0.10801769367124454, -0.9715385133342425, 0.21082005351065466, 0.4426216448955518], [0.9638389898514608, 0.15430711662156285, 0.21726416041780866, 3.4009360936549218], [-0.24361153399636287, 0.1797282138903893, 0.953074598148387, -1.4700187712679897], [0.0, 0.0, 0.0, 1.0]], 'colmap_im_id': 37}, {'file_path': 'images/frame_00036.JPG', 'transform_matrix': [[0.07014181154030917, -0.9679191481603319, 0.24127297589747015, 0.5241453318907998], [0.9486194390693887, 0.13953384931140797, 0.2839920152328578, 4.133216077882743], [-0.30854705653031633, 0.20895652064704454, 0.9279740763542691, -1.6974823406372967], [0.0, 0.0, 0.0, 1.0]], 'colmap_im_id': 36}, {'file_path': 'images/frame_00035.JPG', 'transform_matrix': [[0.06263479041083711, -0.9760971199091152, 0.2081136601362846, 0.6170141715817398], [0.8927573100999161, 0.14801433021336277, 0.4255304258389186, 5.17178332559104], [-0.44616282710839134, 0.1591419823824627, 0.8806886857170516, -2.057148498572026], [0.0, 0.0, 0.0, 1.0]], 'colmap_im_id': 35}, {'file_path': 'images/frame_00034.JPG', 'transform_matrix': [[0.0437282119373313, -0.992544567452909, 0.11376785618302546, 0.5322752093252098], [0.11880845599807903, 0.11823509257114728, 0.9858524299650757, 6.13928760396355], [-0.9919538266795065, -0.02959298066112912, 0.12309289675474239, -3.092163473059491], [0.0, 0.0, 0.0, 1.0]], 'colmap_im_id': 34}, {'file_path': 'images/frame_00033.JPG', 'transform_matrix': [[-0.04315119791184103, -0.9913417301372766, 0.12401430646181333, 0.6241653965441393], [-0.23990088305572196, 0.1307796689031443, 0.9619481506352972, 7.262477770942962], [-0.9698378938914779, 0.01175807339726123, -0.2434670558456044, -3.9036281093457434], [0.0, 0.0, 0.0, 1.0]], 'colmap_im_id': 33}, {'file_path': 'images/frame_00032.JPG', 'transform_matrix': [[0.1292596451779092, -0.9890694352078017, 0.07094784328082958, 0.8204370460734871], [0.06343327005387354, 0.07964907144196184, 0.9948026164363991, 7.380764367959663], [-0.9895797918201206, -0.1240873795200519, 0.07303531929890658, -2.7602210423433444], [0.0, 0.0, 0.0, 1.0]], 'colmap_im